>> tvec(end-271)

ans =

  499.7290

>> resultscell{1}(:,end-271)

ans =

   -1.5914
    0.1042
    0.0821
    0.4973
