>> tvec(end-271)

ans =

     4.997290000000000e+02

>> resultscell{1}(:,end-271)

ans =

  -1.591413885966831
   0.104204021609059
   0.082063151415239
   0.497324232605820
